00000000
00000000
00000000
00000000
00000000
00000000
00000000
00000000
00000000
00000000
00000000
00000000
00000000
00000000
00000000
00000000
00000000
00000000
00000000
00000000
00000000
00000000
00000000
00000000
00000000
00000000
00000000
00000000
00000000
00000000
00000000
00000000
00000000
00000000
00000000
00000000
00000000
00000000
00000000
00000000
00000000
00000000
00000000
00000000
00000000
00000000
00000000
00000000
00000000
00000000
00000000
00000000
00000000
00000000
00000000
00000000
00000000
00000000
00000000
00000000
00000000
00000000
00000000
00000000
a4000000
18200000
18400000
18600000
18800000
18201234
a8215678
18408765
a8424321
e0611306
15000000
15000000
e061130b
b0610069
18810000
15000000
15000000
c4011001
15000000
15000000
b4602801
b4602802
c4011001
b4602801
b4602802
4c010012
b4602801
b4602802
4c01f000
b4602801
b4602802
c4011002
b4602801
b4602802
15000000
15000000
e0620b09
15000000
15000000
e0620b0a
15000001
15000001
