00000000
00000000
00000000
00000000
00000000
00000000
00000000
00000000
00000000
00000000
00000000
00000000
00000000
00000000
00000000
00000000
00000000
00000000
00000000
00000000
00000000
00000000
00000000
00000000
00000000
00000000
00000000
00000000
00000000
00000000
00000000
00000000
00000000
00000000
00000000
00000000
00000000
00000000
00000000
00000000
00000000
00000000
00000000
00000000
00000000
00000000
00000000
00000000
00000000
00000000
00000000
00000000
00000000
00000000
00000000
00000000
00000000
00000000
00000000
00000000
00000000
00000000
00000000
00000000
a4000000
e020004d
e040004d
e060004d
e080004d
e4011000
0c000100
18600001
18600002
10000003
18600003
1860ff00
18600004
00000003
18600005
186000ff
18600006
04000003
18600007
1860f0f0
18600008
e0890004
1880016c
b8840050
48002000
18600009
18600f0f
1860000a
e0890004
18800188
b8840050
44002000
1860000b
1860f00f
1860000c
15000001
15000001
