00000000
00000000
00000000
00000000
00000000
00000000
00000000
00000000
00000000
00000000
00000000
00000000
00000000
00000000
00000000
00000000
00000000
00000000
00000000
00000000
00000000
00000000
00000000
00000000
00000000
00000000
00000000
00000000
00000000
00000000
00000000
00000000
00000000
00000000
00000000
00000000
00000000
00000000
00000000
00000000
00000000
00000000
00000000
00000000
00000000
00000000
00000000
00000000
00000000
00000000
00000000
00000000
00000000
00000000
00000000
00000000
00000000
00000000
00000000
00000000
00000000
00000000
00000000
00000000
18000000
9c200000
9c400000
9c600000
c0800800
bc012000
0ffffffe
9c210010
18200000
a8600001
c0401a00
a86000c0
c0401a80
a8608051
c0001811
15000000
9c210001
bc010010
0ffffffe
9c420001
9c200000
a86000c2
c0401a80
03fffff9
03fffff9
